
== T3 = {1, V, thetaV} (m=3; staircase ratio 0.8889) ==
   D   s   n*    tau_eff   ratio    savings by prime bin (nats):
                                    [<=n/4] (n/4,n/2] (n/2,3n/4] (3n/4,n]
   6   0   17     1.768   0.6138       12.1      6.8       0.0      0.0
   6   2   15     1.255   0.4906        8.4      8.7       2.4      0.0
   6   4   13     1.605   0.5434       10.8      4.8       1.9      0.0
  10   0   29     1.975   0.6705       25.7      2.4       0.0      0.0
  10   2   27     1.640   0.5878       20.2     10.8       0.0      0.0
  10   4   25     1.693   0.5875       14.8      5.8       2.8      6.3
  14   0   41     1.815   0.6211       26.8     15.2       3.4      0.0
  14   2   39     1.589   0.5706       28.1     12.3       6.3      0.0
  14   4   37     1.587   0.5405       25.3     14.9       2.9      6.8
  18   0   53     1.811   0.5985       45.8     14.6       0.0      4.0
  18   2   51     1.690   0.5807       36.1     19.1       7.0      0.0
  18   4   49     1.726   0.5697       40.9     19.1       0.0      3.9
  22   0   65     1.759   0.6114       48.8     23.8       0.0      0.0
  22   2   63     1.681   0.5726       51.0     20.5       7.6      0.0
  22   4   61     1.806   0.5958       47.2     23.8       3.7      0.0
  tail tau_eff ~ 1.764  (theory cap tau-flat*sigma-normalized: 2.667, crude 3*psi(n)/n)
  implied threshold IF provable: lambda > 2.646  <=>  x2 > 3.53 (Koebe)

== T4 = {1, V, thetaV, theta2V} (m=4; staircase ratio 0.9375) ==
   D   s   n*    tau_eff   ratio    savings by prime bin (nats):
                                    [<=n/4] (n/4,n/2] (n/2,3n/4] (3n/4,n]
   5   0   19     2.189   0.7197       11.0      5.2       0.0      0.0
   5   2   17     1.841   0.6394       12.8      4.8       0.0      0.0
   5   4   15     1.345   0.5254        9.2      1.6       4.8      2.6
   8   0   31     2.265   0.7335       23.1      2.4       0.0      0.0
   8   2   29     1.828   0.6207       24.7      4.8       2.9      0.0
   8   4   27     1.457   0.5222       24.6      8.4       2.9      0.0
  11   0   43     2.173   0.7130       30.3      7.4       0.0      0.0
  11   2   41     1.893   0.6479       31.2      7.5       3.4      0.0
  11   4   39     1.596   0.5731       30.3     12.8       3.4      0.0
  14   0   55     1.913   0.6560       49.4      5.8       0.0      0.0
  14   2   53     1.860   0.6148       48.3      5.8       0.0      7.7
  14   4   51     1.773   0.6090       34.3     16.3       3.6      3.9
  17   0   67     1.968   0.6606       53.2     14.6       0.0      0.0
  17   2   65     1.828   0.6354       49.9     18.3       0.0      0.0
  17   4   63     1.857   0.6328       49.1     14.9       0.0      4.0
  tail tau_eff ~ 1.892  (theory cap tau-flat*sigma-normalized: 2.812, crude 3*psi(n)/n)
  implied threshold IF provable: lambda > 2.522  <=>  x2 > 3.11 (Koebe)
