== mixed-determinant scan (P=3200) ==
references: control target rho=4.912 kappa=4.5 margin=0.412

-- shape S1 --
  m   k   rho_m     2nd-diff   kappa_m   margin_m   sign
  4   4    3.6335              2.5105    1.1230   +1
  6   6    4.0586              3.1677    0.8908   +1
  8   8    4.2713    4.9108    3.5782    0.6931   +1
 10  10    4.3991    4.9112    3.6885    0.7106   +1
 12  12    4.4844    4.9114    3.8502    0.6342   +1
 14  14    4.5453    4.9115    3.9434    0.6019   +1
 16  16    4.5910    4.9116    3.9806    0.6104   +1
 18  18    4.6266    4.9116    4.1072    0.5194   +1
 20  20    4.6551    4.9117    4.1178    0.5373   +1
 22  22    4.6784    4.9117    4.1111    0.5673   +1
  (28.7s)

-- shape S2 --
  m   k   rho_m     2nd-diff   kappa_m   margin_m   sign
  4   3    1.3505              1.6995   -0.3491   -1
  6   4    0.9388              1.8239   -0.8851   +1
  8   6    1.7076    7.9130    2.3571   -0.6494   +1
 10   7    1.3509   -6.2110    2.2838   -0.9328   -1
 12   9    1.8258   12.7523    2.6317   -0.8059   -1
 14  10    1.5424  -11.0531    2.5085   -0.9661   +1
 16  12    1.8848   17.5991    2.7139   -0.8291   +1
 18  13    1.6527  -15.9008    2.6317   -0.9790   -1
 20  15    1.9202   22.4483    2.8323   -0.9122   -1
 22  16    1.7244  -20.7505    2.7096   -0.9852   +1
  (25.8s)

-- shape S3 --
  m   k   rho_m     2nd-diff   kappa_m   margin_m   sign
  4   2   -0.2020              0.8885   -1.0905   +1
  6   3   -0.1285              1.2435   -1.3720   -1
  8   4   -0.0932    0.0069    1.3763   -1.4695   +1
 10   5   -0.0724    0.0074    1.5022   -1.5746   -1
 12   6   -0.0587    0.0077    1.5358   -1.5946   +1
 14   7   -0.0491    0.0078    1.6132   -1.6623   -1
 16   8   -0.0418    0.0079    1.6153   -1.6571   +1
 18   9   -0.0362    0.0080    1.6722   -1.7084   -1
 20  10   -0.0317    0.0080    1.6681   -1.6999   +1
 22  11   -0.0281    0.0081    1.6920   -1.7201   -1
  (23.8s)

-- shape S4 --
  m   k   rho_m     2nd-diff   kappa_m   margin_m   sign
  4   1   -1.1220              0.3793   -1.5012   -1
  6   1   -1.4236              0.3604   -1.7840   -1
  8   2   -1.2351    0.6874    0.6204   -1.8555   +1
 10   2   -1.4250   -4.4570    0.4838   -1.9088   +1
 12   3   -1.2759    2.7786    0.7072   -1.9831   -1
 14   3   -1.4152   -6.5536    0.5981   -2.0133   -1
 16   4   -1.2968    4.8817    0.7014   -1.9982   +1
 18   4   -1.4069   -8.6584    0.6676   -2.0745   +1
 20   5   -1.3095    6.9887    0.7546   -2.0642   -1
 22   5   -1.4006  -10.7661    0.6725   -2.0731   -1
  (23.0s)

-- shape S5 --
  m   k   rho_m     2nd-diff   kappa_m   margin_m   sign
  4   2   -0.9313              0.8885   -1.8199   +1
  6   3   -0.8749              1.2435   -2.1184   -1
  8   4   -0.8477   -0.7700    1.3763   -2.2241   +1
 10   5   -0.8317   -0.7695    1.5022   -2.3339   -1
 12   6   -0.8211   -0.7693    1.5358   -2.3569   +1
 14   7   -0.8135   -0.7691    1.6132   -2.4268   -1
 16   8   -0.8079   -0.7690    1.6153   -2.4232   +1
 18   9   -0.8035   -0.7690    1.6722   -2.4757   -1
 20  10   -0.8001   -0.7689    1.6681   -2.4682   +1
 22  11   -0.7972   -0.7689    1.6920   -2.4892   -1
  (24.0s)

== S3 exact denominators (t-interpolation) ==
  m   k   kappa_exact   kappa_bound
  4   2      0.3360       0.8885
  6   3      0.7988       1.2435
  8   4      0.9909       1.3763
 10   5      1.2509       1.5022
 12   6      1.2955       1.5358
 14   7      1.3501       1.6132
